	tip3p	tip3pfb	spce	tip4pew	tip4pfb	opc
anti-all	4.90	3.70	2.00	6.80	4.20	3.60
syn	95.10	96.30	98.00	93.20	95.80	96.40
anti	0.00	0.10	0.00	0.00	0.00	0.00
high-anti	4.90	3.60	2.00	6.80	4.20	3.60
non-syn-anti	0.00	0.00	0.00	0.00	0.00	0.00
j12	9.85	9.94	9.88	9.82	9.83	9.88
j12_std	2.12	2.16	2.06	2.24	2.29	2.11
j12_err	0.07	0.07	0.07	0.07	0.07	0.07
j23	4.25	4.22	4.25	4.24	4.21	4.26
j23_std	1.08	1.08	1.11	1.11	1.13	1.08
j23_err	0.03	0.03	0.03	0.04	0.04	0.03
j34	1.39	1.33	1.31	1.39	1.39	1.38
j34_std	2.45	2.39	2.41	2.52	2.54	2.45
j34_err	0.08	0.08	0.08	0.08	0.08	0.08
c3	5.90	5.50	5.80	6.30	6.50	6.00
c2	93.10	93.50	93.60	92.90	92.60	93.10
non-c2-c3	1.00	1.00	0.60	0.80	0.90	0.90
