	tip3p	tip3pfb	spce	tip4pew	tip4pfb	opc
anti-all	3.10	13.50	0.00	12.80	8.30	1.60
syn	96.90	86.40	100.00	87.20	91.70	98.40
anti	1.40	6.10	0.00	7.10	4.20	0.60
high-anti	1.70	7.40	0.00	5.70	4.10	1.00
non-syn-anti	0.00	0.10	0.00	0.00	0.00	0.00
j12	9.35	9.12	9.52	8.87	8.92	9.32
j12_std	2.97	3.30	2.73	3.47	3.33	3.06
j12_err	0.09	0.10	0.09	0.11	0.11	0.10
j23	4.61	4.54	4.58	4.59	4.71	4.61
j23_std	1.17	1.17	1.17	1.16	1.22	1.21
j23_err	0.04	0.04	0.04	0.04	0.04	0.04
j34	2.42	2.65	2.26	3.00	2.96	2.68
j34_std	3.57	3.78	3.38	4.00	3.92	3.76
j34_err	0.11	0.12	0.11	0.13	0.12	0.12
c3	15.80	18.30	14.20	21.60	21.70	18.40
c2	83.10	80.30	84.90	77.20	77.30	80.30
non-c2-c3	1.10	1.40	0.90	1.20	1.00	1.30
