	tip3p	tip3pfb	spce	tip4pew	tip4pfb	opc
anti-all	79.00	59.10	100.00	100.00	99.90	100.00
syn	21.00	40.90	0.00	0.00	0.00	0.00
anti	35.00	27.20	44.70	43.10	42.60	44.60
high-anti	44.00	31.90	55.30	56.90	57.30	55.40
non-syn-anti	0.00	0.00	0.00	0.00	0.10	0.00
j12	6.02	6.16	5.74	5.38	5.50	5.40
j12_std	3.89	3.81	3.93	3.91	3.92	3.78
j12_err	0.12	0.12	0.12	0.12	0.12	0.12
j23	5.81	5.87	5.83	5.86	5.84	5.91
j23_std	1.34	1.33	1.36	1.33	1.32	1.34
j23_err	0.04	0.04	0.04	0.04	0.04	0.04
j34	5.96	5.94	6.13	6.38	6.33	6.61
j34_std	4.14	4.12	4.07	4.05	4.06	3.97
j34_err	0.13	0.13	0.13	0.13	0.13	0.13
c3	55.00	53.90	55.60	57.60	58.30	60.30
c2	37.10	38.80	35.60	34.40	34.20	30.80
non-c2-c3	7.90	7.30	8.80	8.00	7.50	8.90
