	tip3p	tip3pfb	spce	tip4pew	tip4pfb	opc
anti-all	9.70	10.20	5.90	17.80	3.40	22.90
syn	90.30	89.80	94.10	82.20	96.60	77.10
anti	1.10	2.00	0.80	1.60	0.50	2.80
high-anti	8.60	8.20	5.10	16.20	2.90	20.10
non-syn-anti	0.00	0.00	0.00	0.00	0.00	0.00
j12	9.52	9.36	9.39	8.90	9.07	8.75
j12_std	3.01	3.16	3.10	3.55	3.31	3.68
j12_err	0.10	0.10	0.10	0.11	0.10	0.12
j23	4.40	4.52	4.51	4.57	4.56	4.61
j23_std	1.16	1.18	1.19	1.21	1.17	1.21
j23_err	0.04	0.04	0.04	0.04	0.04	0.04
j34	2.25	2.46	2.42	2.93	2.82	3.13
j34_std	3.40	3.59	3.53	3.91	3.89	3.98
j34_err	0.11	0.11	0.11	0.12	0.12	0.13
c3	14.10	16.60	15.60	21.40	20.50	23.00
c2	84.80	82.40	83.10	77.40	78.30	75.40
non-c2-c3	1.10	1.00	1.30	1.20	1.20	1.60
